 --- Hash table created by Double hashing    ---
[  0]        170,   10427220,  張育嘉,      74.83
[  1]        107,   10427235,  楊雁茹,      62.17
[  2]        175,   10427249,  施柏緯,       75.5
[  3]          3,   10227205,  簡嘉宏,      63.83
[  4]        209,   10327218,    陳?頤,       64.5
[  5]          5,   10327133,  林翊棠,      83.17
[  6]          6,   10227141,  彭康哲,       82.5
[  7]          7,   10327145,  廖偉翔,         70
[  8]         21,   10427271,  呂偉麒,      80.33
[  9]          9,   10127158,  李汶錡,      73.17
[ 10]        131,   10427236,  陳柏程,      83.67
[ 11]         11,   10227134,  何品萱,      81.17
[ 12]        161,   10327270,  何思達,      83.17
[ 13]        110,   10327216,  林函緯,      76.67
[ 14] 
[ 15] 
[ 16]         16,   10227154,  朱揚立,       60.5
[ 17]        186,   10327222,  蔡承廷,         75
[ 18]         16,   10227229,  徐漢沂,      73.33
[ 19]         19,   10327136,  陳泰志,      77.83
[ 20] 
[ 21]         21,   10227147,  翁肇鴻,      82.83
[ 22]         87,   10427250,  曾品中,      68.83
[ 23]        223,   10427224,  何彥均,         74
[ 24]         11,   10327124,  吳柏承,       85.5
[ 25]         25,   10227129,  馬國禎,      61.17
[ 26]         26,   10427219,  金昕儀,      79.33
[ 27]          3,   10327148,  林世庭,         78
[ 28] 
[ 29]         29,   10127135,  廖泓鈞,      73.17
[ 30] 
[ 31]          6,   10327255,  陳逸軒,      82.33
[ 32]          7,   10327229,  陳立恩,      73.67
[ 33]         33,   10227151,  陳俊堯,      68.83
[ 34]         34,   10227209,  黃彥誠,         74
[ 35]         35,   10027126,  簡豪志,      74.67
[ 36]        179,   10427238,  陳冠友,      90.33
[ 37]         11,   10327142,  簡銘佑,       80.5
[ 38]         38,   10227202,  徐遠星,      81.17
[ 39]          4,   10427208,  蔡宜靜,      71.83
[ 40]         40,   10327111,  李京展,      70.67
[ 41]         41,   10027151,  葉思瑜,      79.17
[ 42]         33,   10327139,  陳律中,         74
[ 43]         43,   10227137,  簡廷宇,      77.17
[ 44]         38,   10227220,  黃奕升,         80
[ 45]         45,   10127228,  余威儒,       54.5
[ 46]         46,   10227103,  申晏端,       80.5
[ 47]         43,   10427228,  單浩倫,       83.5
[ 48] 
[ 49]         35,   10427232,  郭元聖,      69.83
[ 50]        220,   10427203,  曾麒宇,         82
[ 51]         21,   10427217,  蔡承剛,       71.5
[ 52]        155,   10427273,  黃駿森,      71.17
[ 53]        178,   10427225,  莊沐庭,      87.67
[ 54]        155,   10427237,  鐘柏曜,      84.83
[ 55] 
[ 56]        227,   10327223,  尤瑋廷,         87
[ 57]         57,   10027120,  陳柏翰,      71.17
[ 58]         46,   10227130,  季　昇,      84.17
[ 59]         59,   10327106,  林宣佑,      76.83
[ 60]         60,   10227116,  林博鎮,         72
[ 61]        220,   10327240,  廖致緯,       66.5
[ 62] 
[ 63]         45,   10327205,  林亭翰,         69
[ 64] 
[ 65]         25,   10227219,  吳鎧丞,      57.33
[ 66]        143,   10327233,  楊忠原,       50.5
[ 67]         35,   10227106,  曾季芸,      64.83
[ 68] 
[ 69]         69,   10227206,  王麒翔,         92
[ 70]         46,   10327102,  李振傑,      58.83
[ 71]         59,   10327234,  陳文遠,         80
[ 72]        224,   10327103,  李宜蓁,      67.83
[ 73]         37,   10327257,  羅翔駿,       69.5
[ 74]         45,   10227218,  陳俊毅,      77.33
[ 75]         76,   10327252,  江世光,      70.83
[ 76]         76,   10227235,  倪斌峰,      66.17
[ 77]        145,   10327212,  呂若豪,      77.17
[ 78]         78,   10327123,  宋紹宇,      78.33
[ 79] 
[ 80]         80,   10227224,  孫振國,         75
[ 81]         45,   10327250,  陳佳琳,      80.33
[ 82]         46,   10327120,  劉思瑜,       65.5
[ 83]         59,   10327243,  李浩君,      86.33
[ 84]         82,   10327147,  浦佳維,      75.17
[ 85]         85,   10127262,     徐野,      72.33
[ 86]         86,   10327144,  伍家恩,      78.17
[ 87]        227,   10327232,  蔡明勳,      73.33
[ 88]         88,   10427227,  田郁瑋,      71.67
[ 89]         29,   10327115,  陳立昇,      82.83
[ 90]         57,   10220107,  陳人鳳,      81.17
[ 91]         43,   10327127,  郭　靜,         74
[ 92]         92,   10327135,  林道宇,      75.67
[ 93]         88,   10427272,  張景仁,       55.5
[ 94]         46,   10327201,  馬正軒,      76.17
[ 95]         35,   10427223,  陳遠浩,      69.67
[ 96]        133,   10427226,  黃警鋒,         67
[ 97]         90,   10327114,  黃聖傑,      82.17
[ 98]         90,   10228144,  洪子傑,      71.67
[ 99]        224,   10327130,  洪竟瑋,      71.33
[100]          7,   10327154,  潘宥銘,      72.33
[101]        101,   10327101,  余子睿,      88.83
[102]         11,   10427213,  徐峻澧,      70.67
[103]        103,   10327206,  呂文礎,         71
[104]        104,   10227230,  高珮涵,      79.83
[105]        105,   10227215,  祝　銘,         81
[106]        106,   10327138,  呂文傑,      81.17
[107]        107,   10327254,  游育愷,      73.83
[108] 
[109]        109,   10127146,  施友友,      79.67
[110]        110,   10127263,  陳韻文,      74.67
[111]         90,   10327141,  張晏寧,         92
[112]         70,   10444232,    王?萱,         70
[113]         59,   10427233,  吳庭瑜,      77.67
[114]        114,   10227118,  吳鈞毅,      68.17
[115]         43,   10327172,  吳夏志,      89.83
[116] 
[117] 
[118]         46,   10327210,  羅智憲,      82.17
[119]         29,   10327151,  賴美妤,      71.33
[120]        120,   10027214,  游晉瑜,      85.67
[121]         37,   10427240,  吳柏緯,      80.17
[122]        122,   10227228,  黃煒翔,      83.17
[123] 
[124]         82,   10427248,  陳其亨,      75.67
[125]        120,   10027241,  陳稟楷,       75.5
[126] 
[127]        127,   10327109,  丁得恩,       66.5
[128]         11,   10427231,  王育新,       77.5
[129]         83,   10327244,  陳鐿葶,      86.17
[130]        120,   10227104,  曾淳皓,      68.83
[131]        131,   10127102,  陳建文,      77.83
[132]        130,   10427214,  黃偲庭,         87
[133]        133,   10227246,  許智詠,      82.83
[134]        109,   10227107,  楊秉儒,      58.67
[135]        135,   10227146,  余健豪,      85.33
[136]        130,   10427241,  張嘉軒,       81.5
[137]        137,   10427206,  張軒赫,      74.33
[138]         18,   10327119,  向志御,         80
[139]        101,   10327110,  黃可帆,      67.83
[140]        140,   10227148,  林軒而,       80.5
[141]        158,   10327272,  郭志彬,      67.67
[142]        142,   10327129,  陳宗義,      78.83
[143]        145,   10327221,  陳迪翰,      76.33
[144]        110,   10227136,  卓子君,      64.17
[145]        145,   10227123,  林宛姿,         66
[146]        146,   10220135,  李承儒,         75
[147]        131,   10327246,  許育綸,      77.67
[148]        138,   10327256,  吳榮豪,      80.17
[149]        125,   10227124,  陳昱愷,      67.67
[150]        150,   10320116,  陳瑞晟,      84.33
[151]        151,   10327113,  李世丞,      71.33
[152]         83,   10427234,  陳建鋐,      66.33
[153]        223,   10427242,  曾盈娟,         73
[154]        142,   10327219,  江紹賢,      82.67
[155]        155,   10327155,     連慶,         80
[156]        135,   10427216,  吳雨璇,       72.5
[157]        131,   10227101,  江健瑜,      69.17
[158]        135,   10227207,  陳柔安,      68.17
[159] 
[160]         40,   10327237,  劉湘怡,         82
[161]        161,   10327146,  鄭宇辰,      69.17
[162]        162,   10327203,  林子軒,      77.33
[163]         43,   10327217,  陳易煒,         76
[164] 
[165]        165,   10227221,  黃礪鞍,      58.17
[166] 
[167] 
[168]        129,   10427246,  許博聞,      70.33
[169]        169,   10327140,  郭景惟,      70.67
[170]        170,   10227240,  林勇翔,      71.83
[171]        157,   10327149,  李亮誼,         73
[172]        104,   10327202,  王亦寬,         93
[173]        125,   10427212,  白若岑,      80.33
[174] 
[175]        140,   10327117,  張晁銓,      86.33
[176]        151,   10327131,  何仲岳,         87
[177]        177,   10227153,  何秉儒,      75.33
[178]        145,   10227132,  鍾松佑,      70.33
[179]        179,   10027168,  陳學霖,      74.33
[180]        177,   10327125,  葉庭瑋,      83.17
[181]          6,   10427211,  黃旭加,      82.33
[182]        182,   10327108,  周楚雲,      72.67
[183]        177,   10327215,  陳俊翔,      82.67
[184]        165,   10327134,  高郁茹,      70.67
[185]        185,   10227121,  林政宇,      68.17
[186]        186,   10227223,  陳文嫻,       69.5
[187]         43,   10327271,  杜汶康,      82.67
[188]        155,   10327247,  舒一修,      73.67
[189]        176,   10427244,  呂映萱,      72.67
[190]        105,   10327239,  吳宗諺,      88.17
[191]        170,   10427202,  許克西,      80.67
[192]        179,   10327137,  吳佳旻,      64.83
[193] 
[194]        194,   10227150,  白皓元,      75.17
[195]        120,   10427201,  陳彥霖,      81.83
[196]        196,   10320142,  黃冠淇,      69.17
[197]        125,   10427221,  侯昱宏,      72.83
[198] 
[199]         87,   10427205,  羅御航,      80.33
[200]        120,   10427210,  李欣恩,         69
[201]        201,   10327116,  林力宇,       75.5
[202] 
[203]        161,   10327207,  黃朝玄,      76.83
[204] 
[205]        205,   10027212,  曾雯琳,       74.5
[206]        104,   10327220,  張任宏,       76.5
[207]        207,   10227225,  陳昱文,      62.33
[208]        208,   10327253,  李孟娟,      72.17
[209]        209,   10227138,  鄒昀臻,      84.17
[210] 
[211]        145,   10227213,  林東瑄,         78
[212]        158,   10227237,  曾啟軒,      85.17
[213] 
[214]        178,   10227254,  江皇諭,      70.67
[215]         80,   10427222,  林辰修,      80.67
[216]        212,   10327112,  朱峻平,      78.83
[217] 
[218]        186,   10227232,  李　安,      67.17
[219]        219,   10327208,  李育圻,      80.83
[220]        212,   10327121,  周孟達,      60.17
[221]         76,   10327225,  劉禹麟,      76.33
[222]        162,   10327230,  陳豌蔚,         80
[223]        209,   10327128,  陳品瑞,       66.5
[224]        205,   10227201,  鳳明傑,       63.5
[225] 
[226] 
[227]        227,   10227233,  徐慧文,      78.83
[228]        228,   10227227,  王暐淇,      62.67
[229]        222,   10427247,  黃宥筌,      69.17
[230] 
[231]        231,   10427229,  鄧丞佑,      83.33
[232] 
 ----------------------------------------------------- 
