 --- Hash table created by Double hashing    ---
[  0]         10,   10427102,  蔡幸芸,         85
[  1]         10,   10427102,  蔡幸芸,         85
[  2]         10,   10427102,  蔡幸芸,         85
[  3] 
[  4]         10,   10427102,  蔡幸芸,         85
[  5] 
[  6]         10,   10427102,  蔡幸芸,         85
[  7]         10,   10427102,  蔡幸芸,         85
[  8]         10,   10427102,  蔡幸芸,         85
[  9]         10,   10427102,  蔡幸芸,         85
[ 10]         10,   10427102,  蔡幸芸,         85
[ 11]         10,   10427102,  蔡幸芸,         85
[ 12] 
[ 13]         10,   10427102,  蔡幸芸,         85
[ 14]         10,   10427102,  蔡幸芸,         85
[ 15]         10,   10427102,  蔡幸芸,         85
[ 16]         10,   10427102,  蔡幸芸,         85
[ 17]         10,   10427102,  蔡幸芸,         85
[ 18]         10,   10427102,  蔡幸芸,         85
[ 19] 
[ 20]         10,   10427102,  蔡幸芸,         85
[ 21]         10,   10427102,  蔡幸芸,         85
[ 22]         10,   10427102,  蔡幸芸,         85
[ 23]         10,   10427102,  蔡幸芸,         85
[ 24]         10,   10427102,  蔡幸芸,         85
[ 25]         10,   10427102,  蔡幸芸,         85
[ 26] 
[ 27]         10,   10427102,  蔡幸芸,         85
[ 28]         10,   10427102,  蔡幸芸,         85
[ 29]         10,   10427102,  蔡幸芸,         85
[ 30]         10,   10427102,  蔡幸芸,         85
[ 31]         10,   10427102,  蔡幸芸,         85
[ 32]         10,   10427102,  蔡幸芸,         85
[ 33] 
[ 34]         10,   10427102,  蔡幸芸,         85
[ 35] 
[ 36]         10,   10427102,  蔡幸芸,         85
 ----------------------------------------------------- 
