 --- Hash table created by Quadratic probing ---
[  0]         10,   10427102,  蔡幸芸,         85
[  1]         10,   10427102,  蔡幸芸,         85
[  2] 
[  3]         10,   10427102,  蔡幸芸,         85
[  4] 
[  5] 
[  6]         10,   10427102,  蔡幸芸,         85
[  7]         10,   10427102,  蔡幸芸,         85
[  8] 
[  9]         10,   10427102,  蔡幸芸,         85
[ 10]         10,   10427102,  蔡幸芸,         85
[ 11]         10,   10427102,  蔡幸芸,         85
[ 12] 
[ 13]         10,   10427102,  蔡幸芸,         85
[ 14]         10,   10427102,  蔡幸芸,         85
[ 15] 
[ 16] 
[ 17]         10,   10427102,  蔡幸芸,         85
[ 18] 
[ 19]         10,   10427102,  蔡幸芸,         85
[ 20]         10,   10427102,  蔡幸芸,         85
[ 21]         10,   10427102,  蔡幸芸,         85
[ 22]         10,   10427102,  蔡幸芸,         85
[ 23] 
[ 24] 
[ 25] 
[ 26]         10,   10427102,  蔡幸芸,         85
[ 27] 
[ 28] 
[ 29] 
[ 30] 
[ 31]         10,   10427102,  蔡幸芸,         85
[ 32] 
[ 33] 
[ 34] 
[ 35]         10,   10427102,  蔡幸芸,         85
[ 36]         10,   10427102,  蔡幸芸,         85
 ----------------------------------------------------- 
