 --- Hash table created by Quadratic probing ---
[  0]        133,   10727241,  王薏婷,       73.5
[  1]        146,   10727227,  劉家勳,      68.83
[  2]          2,   10727209,  王冠勛,      81.33
[  3]          3,   10727248,  鄭珮慈,      86.83
[  4]        137,   10727237,  吳政諺,      77.83
[  5]        138,   10727154,  黃于珊,      72.83
[  6]          6,   10727127,  邱佳駿,       75.5
[  7]          7,   10720115,  林耕逸,      87.17
[  8]          8,   10727224,  李敏嘉,      92.83
[  9]          8,   10727242,  林威成,         65
[ 10]          6,   10727133,  鄧陳得,       73.5
[ 11]         96,   10727260,  陳冠銘,      75.67
[ 12] 
[ 13]        146,   10727233,  謝祈璿,         78
[ 14]         14,   10427114,  熊觀一,      66.33
[ 15]         15,   10727153,  呂宜鴻,      75.33
[ 16]         15,   10727207,  張　婷,      85.67
[ 17]        102,   10727236,  趙于甯,       79.5
[ 18] 
[ 19]         19,   10727122,  廖奕銘,      79.17
[ 20]         19,   10727212,  李亮岑,      71.67
[ 21] 
[ 22]          6,   10727217,  陳炯瑋,      67.17
[ 23]         23,   10727118,  李尚霖,      81.83
[ 24]         24,   10720116,  鄭宇傑,      73.33
[ 25]         24,   10727137,  陳續元,      68.83
[ 26]        128,   10727274,  葉志釗,      81.67
[ 27]         23,   10727238,  陳宥呈,         81
[ 28]         28,   10720107,  陳丕中,      77.33
[ 29]         28,   10727205,  鄧弘沂,      73.33
[ 30] 
[ 31]         27,   10727249,  林恆毅,      67.33
[ 32]         32,   10727114,  周胤誠,      80.17
[ 33]         33,   10447236,  連盈媛,      72.17
[ 34]         33,   10720138,  陳尚宏,       84.5
[ 35]         34,   10727158,  黃凱得,      77.83
[ 36]         32,   10727141,  張浚瑋,      74.17
[ 37]         37,   10720129,  張書維,      72.17
[ 38]         37,   10727144,  許維妮,      76.17
[ 39]         39,   10720102,  蘇世界,         91
[ 40] 
[ 41]         41,   10527217,  高偉軒,      77.67
[ 42]         41,   10720117,  洪子崴,      84.17
[ 43]         42,   10727147,    年?鳴,      73.83
[ 44]         19,   10727221,  邱晨凱,         75
[ 45]         41,   10727101,  陳則叡,      80.83
[ 46]         46,   10626305,  魏子翔,         67
[ 47]         43,   10727228,  王派霆,      70.67
[ 48] 
[ 49]         33,   10727139,  蘇崇傑,         64
[ 50]         41,   10727125,  石慕評,      88.67
[ 51] 
[ 52] 
[ 53]         28,   10727250,  吳泓叡,         74
[ 54]         54,   10720127,  劉宜鑫,      82.83
[ 55]         54,   10727102,  康愷辰,      85.17
[ 56]         56,   10727244,  陳佳欣,      71.17
[ 57]         41,   10727152,  黃景泓,      64.83
[ 58]         58,   10727119,  吳恩賜,      68.17
[ 59]         58,   10727239,  魯威宏,         71
[ 60]         60,   10727157,  毛琨鈜,      81.33
[ 61]         41,   10727251,  吳欣鴻,      72.17
[ 62] 
[ 63]         63,   10727128,  吳婕瑄,         86
[ 64]         63,   10727218,  陳韋豪,      76.17
[ 65]         65,   10727222,  李聿晨,      81.33
[ 66]         41,   10727215,  沈家丞,      79.83
[ 67]         67,   10720137,  陳微心,      70.67
[ 68]         67,   10727130,  黃意勛,      80.33
[ 69] 
[ 70]         70,   10527155,  郭威廷,      74.67
[ 71]         71,   10527120,  林育戎,       76.5
[ 72]         71,   10720101,    阮彥?,         76
[ 73] 
[ 74]        102,   10744134,  陳禹瑄,      73.33
[ 75] 
[ 76]         76,   10727111,  王文琇,      75.67
[ 77]         76,   10727123,  田育霖,       68.5
[ 78]         78,   10727176,  謝享興,      68.17
[ 79]         54,   10727210,  郭豐瑜,         79
[ 80]         80,   10727104,  王子威,      66.83
[ 81]         80,   10727140,  黃于軒,      80.17
[ 82] 
[ 83]         67,   10727151,  羅鈺淳,      75.17
[ 84]         83,   10727208,  徐海棠,       89.5
[ 85]         76,   10727132,  張任宏,       87.5
[ 86]         85,   10727134,  張瑞芸,         72
[ 87]         86,   10727156,  曾奕豪,      77.83
[ 88]         88,   10720111,  陳少暉,       63.5
[ 89]         85,   10727143,  何昆憲,      74.33
[ 90]         90,   10727146,  洪碩謙,       89.5
[ 91] 
[ 92]         92,   10720105,  廖珮廷,         72
[ 93]         93,   10727105,  謝瑋紘,      83.33
[ 94]         94,   10727136,  賴文裕,      78.83
[ 95] 
[ 96]         96,   10727206,  陳映慈,      87.67
[ 97]         93,   10727150,  廖泓閔,      81.33
[ 98]         98,   10727126,  羅曉琪,      84.33
[ 99]         98,   10727216,  李品毅,      84.17
[100]        100,   10727226,  游子龍,      77.33
[101]         76,   10727231,  林曉凡,         66
[102]        102,   10727116,  張准融,      75.17
[103]        103,   10727138,  游子諭,      69.83
[104]        104,   10727246,  劉晉成,      68.67
[105]         89,   10727229,  黃雅萱,      73.33
[106]        106,   10727106,    徐　?,      81.17
[107] 
[108] 
[109]        109,   10727204,  古沛彤,         81
[110]        109,   10727240,  賴卷狄,       71.5
[111]        111,   10727112,  詹　鈞,      72.17
[112]        111,   10727121,  壽柏安,      82.17
[113]        112,   10727155,  曾博暉,      82.33
[114] 
[115]        111,   10727211,  林彥輝,       82.5
[116]         67,   10727235,  葉育瑋,      61.67
[117] 
[118]         54,   10727225,  陳佳鉉,      79.67
[119]        119,   10727107,  蘇琦娟,       82.5
[120]        120,   10727129,  高偉承,      81.83
[121]        120,   10727219,  許志仲,      66.67
[122]        122,   10720131,  裘皓翔,      79.33
[123]        119,   10727170,  黃焌軒,       79.5
[124] 
[125]        100,   10744214,  黃湧崴,       75.5
[126]        122,   10727202,  胡以萱,       80.5
[127]        111,   10727223,  陳宇呈,       68.5
[128]        128,   10727247,  廖仁傑,      68.83
[129]         93,   10727255,  周子騰,      76.17
[130] 
[131]        122,   10727220,  陳正浩,       74.5
[132]        132,   10727108,  許瀚文,       71.5
[133]        133,   10727124,  劉宇廷,         79
[134]        133,   10727214,  洪友祥,      79.17
[135]         54,   10727252,  黃于九,      86.67
[136]        111,   10727232,  蕭祥維,       44.5
[137]        137,   10627252,  徐綺柔,      80.67
[138]        137,   10727117,  黃奕翔,      72.83
[139]        139,   10427125,  庾　琁,      80.83
[140] 
[141]         41,   10727230,  王永昀,      75.33
[142]        138,   10727145,  林承妍,      60.33
[143]        143,   10727148,  劉語晴,      79.33
[144]        119,   10727257,  張純舫,      73.67
[145]        145,   10727109,  林亞岑,      74.67
[146]        146,   10727113,  傅柏勛,      74.33
[147]        146,   10727131,  陳彥綸,      71.17
[148]         67,   10727253,  李怜萱,      76.67
 ----------------------------------------------------- 
