 --- Hash table created by Quadratic probing ---
[  0] 
[  1]        236,   10327142,     簡銘佑,      72.33
[  2] 
[  3] 
[  4]        239,   10427119,     黃耀慶,         73
[  5]        135,   10427134,     陳韻竹,         85
[  6] 
[  7] 
[  8]          8,   10327149,     李亮誼,      74.33
[  9]          9,   10327208,     李育圻,      82.33
[ 10]         10,   10327112,     朱峻平,      77.67
[ 11]         11,   10327117,     張晁銓,      76.17
[ 12]          8,   10427139,     許亦辰,       91.5
[ 13]         13,   10327205,     林亭翰,      67.17
[ 14]         10,   10327121,     周孟達,      86.67
[ 15]         14,   10427107,     葉旻澔,      74.33
[ 16] 
[ 17]         17,   10227230,     高珮涵,      85.83
[ 18]         18,   10227206,     王麒翔,         78
[ 19]         19,   10227209,     黃彥誠,      75.33
[ 20]         19,   10320129,     許齡之,         73
[ 21]         17,   10327202,     王亦寬,       85.5
[ 22]         13,   10327250,     陳佳琳,      62.67
[ 23]        174,   10427141,     唐于涵,      66.17
[ 24]         24,   10227235,     倪斌峰,       71.5
[ 25]         24,   10327225,     劉禹麟,      70.17
[ 26]         26,   10327138,     呂文傑,      67.33
[ 27]         27,   10327129,     陳宗義,      71.33
[ 28]         27,   10327219,     江紹賢,      75.83
[ 29]         29,    3102535,     劉宏治,      72.33
[ 30]         29,   10427124,     柯秉寬,      78.67
[ 31] 
[ 32]         32,   10227224,     孫振國,         85
[ 33]         33,   10127228,     余威儒,       70.5
[ 34]         33,   10227218,     陳俊毅,         75
[ 35]         35,   10227151,     陳俊堯,      75.17
[ 36]         36,   10220140,     高自在,      72.83
[ 37] 
[ 38]         34,   10327146,     鄭宇辰,      69.33
[ 39]         35,   10327254,     游育愷,      78.33
[ 40]         40,    4106034,     何政霖,      72.67
[ 41]        211,   10327217,     陳易煒,      70.33
[ 42]         17,   10327220,     張任宏,      82.17
[ 43]         43,   10327136,     陳泰志,       70.5
[ 44] 
[ 45]         29,   10427142,     許竣堯,      66.33
[ 46]         46,   10327109,     丁得恩,      73.67
[ 47]         46,   10327256,     吳榮豪,         74
[ 48]         32,   10427106,     陳冠勳,      52.83
[ 49]        236,   10327241,     黃振嘉,         64
[ 50]         46,   10327265,     邱炳憲,      64.33
[ 51]         50,   10427105,     林佑儒,      72.67
[ 52]         52,   10127263,     陳韻文,         80
[ 53]         52,   10227136,     卓子君,      66.67
[ 54]         54,   10227254,     江皇諭,      75.33
[ 55]         54,   10327108,     周楚雲,      77.67
[ 56]         56,   10227129,     馬國禎,      75.17
[ 57]         56,   10227219,     吳鎧丞,       82.5
[ 58]         57,   10427147,     劉柏志,         77
[ 59]         10,   10327234,     陳文遠,      85.83
[ 60]         60,   10327111,     李京展,      83.17
[ 61]         61,   10327116,     林力宇,      67.33
[ 62]         62,   10327107,     伍延宸,       79.5
[ 63]         14,   10427170,     趙天宏,       68.5
[ 64]         60,   10327134,     高郁茹,      73.33
[ 65] 
[ 66]        236,   10427123,     陳治平,      72.67
[ 67]         18,   10427149,     沈敬堯,      69.33
[ 68]         52,   10327216,     林函緯,      79.67
[ 69]         60,   10327247,     舒一修,      79.67
[ 70]         70,   10227223,     陳文嫻,      82.67
[ 71]         70,   10227232,     李　安,      78.67
[ 72]         68,   10427104,     彭鈺琳,      76.33
[ 73]         73,   10227154,     朱揚立,      77.83
[ 74]         70,   10327106,     林宣佑,      80.33
[ 75]         50,   10427150,     陳俊宏,      69.17
[ 76]         60,   10427133,     許嘉榮,      76.67
[ 77]         77,   10227237,     曾啟軒,      77.33
[ 78]         77,   10327123,     宋紹宇,      74.83
[ 79]         70,   10327222,     蔡承廷,         73
[ 80]        135,   10427143,     楊宜濱,         62
[ 81]        211,   10327271,     杜汶康,       79.5
[ 82]         73,   10427125,     庾　琁,      73.33
[ 83]         34,   10427136,     蔡易珊,      76.33
[ 84]         68,   10427140,     陳亮瑄,      81.67
[ 85] 
[ 86]         86,   10327140,     郭景惟,      60.83
[ 87]         86,   10427103,     施宣宇,      76.33
[ 88]         24,   10327252,     江世光,      70.67
[ 89] 
[ 90]         86,   10427130,     郭　瑄,      77.83
[ 91]         10,   10327243,     李浩君,         78
[ 92] 
[ 93]         93,   10227229,     徐漢沂,      76.83
[ 94]         94,   10327103,     李宜蓁,      82.33
[ 95]         94,   10327130,     洪竟瑋,      66.83
[ 96]         96,   10027120,     陳柏翰,      89.17
[ 97]         96,   10220107,     陳人鳳,      61.33
[ 98]         98,   10127102,     陳建文,      79.17
[ 99]         98,   10227101,     江健瑜,      67.33
[100]        100,   10027212,     曾雯琳,       70.5
[101]        100,   10227201,     鳳明傑,      67.17
[102]        102,   10227103,     申晏端,       72.5
[103]        102,   10227130,     季　昇,         74
[104]        104,   10027214,     游晉瑜,      83.17
[105]        104,   10027241,     陳稟楷,      75.33
[106]        106,   10227150,     白皓元,         80
[107]         98,   10327240,     廖致緯,      71.67
[108]        108,   10027126,     簡豪志,      81.83
[109]        109,   10127171,     陳康平,      71.17
[110]        110,   10227107,     楊秉儒,      76.83
[111]        102,   10227207,     陳柔安,      76.83
[112]        108,   10227106,     曾季芸,      80.33
[113]        104,   10227104,     曾淳皓,      78.17
[114]        110,   10327101,     余子睿,      81.33
[115]        111,   10327115,     陳立昇,      72.33
[116]        116,   10327233,     楊忠原,      79.17
[117]        117,   10227146,     余健豪,         77
[118]        102,   10327102,     李振傑,      85.33
[119]        119,   10227138,     鄒昀臻,      75.83
[120]        119,   10327128,     陳品瑞,         80
[121]        117,   10427126,     張惟堯,         70
[122]        122,   10427101,     馬若芸,      67.67
[123]        123,   10227121,     林政宇,       93.5
[124] 
[125]        109,   10327147,     浦佳維,         71
[126]        101,   10227240,     林勇翔,      82.67
[127]        102,   10327120,     劉思瑜,         81
[128]        119,   10327218,      陳?頤,      71.33
[129]        104,   10427102,     蔡幸芸,         76
[130]         94,   10327207,     黃朝玄,      75.17
[131]        131,   10027168,     陳學霖,         73
[132]        131,   10227228,     黃煒翔,      92.67
[133] 
[134]        134,   10027151,     葉思瑜,      81.17
[135]        110,   10327110,     黃可帆,         80
[136]        135,   10327144,     伍家恩,      71.83
[137] 
[138]        102,   10327201,     馬正軒,       82.5
[139]        130,   10327229,     陳立恩,      61.67
[140]        104,   10427120,     何明翰,      79.33
[141]         77,   10327272,     郭志彬,         80
[142] 
[143]        143,   10327139,     陳律中,      75.33
[144]        144,   10227257,     蔡易霖,      77.83
[145]        145,   10227246,     許智詠,      76.33
[146]        146,   10227221,     黃礪鞍,         81
[147]        111,   10327151,     賴美妤,      68.33
[148]        148,   10227141,     彭康哲,      81.17
[149]        148,   10327244,     陳鐿葶,      68.17
[150] 
[151]        102,   10327210,     羅智憲,      66.83
[152]        148,   10427121,     林亭宇,      65.83
[153]        144,   10327125,     葉庭瑋,       82.5
[154] 
[155]        155,   10327253,     李孟娟,      74.17
[156] 
[157] 
[158]         94,   10327270,     何思達,      71.17
[159] 
[160]        160,   10327137,     吳佳旻,      62.17
[161]        161,   10227147,     翁肇鴻,      61.17
[162]        161,   10327114,     黃聖傑,      66.17
[163]        162,   10327119,     向志御,      70.83
[164]        163,   10427148,     莊凱丞,         65
[165]        161,   10327141,     張晏寧,      73.83
[166]        166,   10327255,     陳逸軒,      74.33
[167] 
[168] 
[169]        169,   10227123,     林宛姿,      83.83
[170]        169,   10227132,     鍾松佑,       88.5
[171]        122,   10427110,     劉柏豪,      75.33
[172]        172,    4106076,     劉仁杰,      89.83
[173]        173,   10127261,     王彥鈞,         63
[174]        173,   10327246,     許育綸,         75
[175]        174,   10427114,     熊觀一,       80.5
[176] 
[177]        177,   10327135,     林道宇,      80.17
[178]        169,   10227213,     林東瑄,      79.33
[179]        179,   10327206,     呂文礎,      70.17
[180]        144,   10327215,     陳俊翔,      77.17
[181]        177,   10327257,     羅翔駿,         71
[182] 
[183]        183,   10320133,     彭暐帆,         62
[184]        184,   10227202,     徐遠星,      85.83
[185]        185,   10220135,     李承儒,      80.67
[186]        185,   10227205,     簡嘉宏,      65.83
[187]        183,   10327203,     林子軒,      77.67
[188]        184,   10227220,     黃奕升,       87.5
[189] 
[190]        109,   10427137,     黃鴻志,      70.33
[191]        187,   10427115,     陳昱辰,      75.83
[192]        192,   10227124,     陳昱愷,       70.5
[193]        184,   10327148,     林世庭,      76.67
[194]        169,   10227227,     王暐淇,         69
[195]        194,   10327133,     林翊棠,       78.5
[196]         96,   10427145,     王睿毅,       73.5
[197]        161,   10427127,     簡維德,      81.17
[198]        194,   10327237,     劉湘怡,      76.83
[199]        183,   10327230,     陳豌蔚,         73
[200]        200,   10427116,     蘇哲穎,       69.5
[201] 
[202]        202,   10427146,     古慶超,      74.33
[203]        187,   10427151,     張哲煒,      74.17
[204] 
[205]        205,   10227148,     林軒而,      57.83
[206]        205,   10427128,     江峻瑋,      66.83
[207]        191,   10444117,     顏任頡,      86.83
[208] 
[209]        184,   10427138,     葉士瑋,       75.5
[210]        210,   10327145,     廖偉翔,      76.83
[211]        211,   10227137,     簡廷宇,         68
[212]        211,   10327113,     李世丞,       71.5
[213]        213,   10427117,     王睿邦,         81
[214]        210,   10327154,     潘宥銘,      72.33
[215]        215,   10227215,     祝　銘,      83.83
[216]        135,   10427111,     楊樹萍,      77.67
[217]        213,   10427171,      王 彥,      83.17
[218]        169,   10327122,     鄭敬達,      75.67
[219]        210,   10427135,     林宗霖,      80.33
[220]        211,   10327127,     郭　靜,       77.5
[221] 
[222]        222,   10227233,     徐慧文,      76.33
[223]        222,   10327223,     尤瑋廷,      79.17
[224] 
[225]        161,   10427131,     廖宇紹,      51.67
[226]        222,   10327232,     蔡明勳,         72
[227]        211,   10327131,     何仲岳,      78.83
[228] 
[229]        229,   10427109,     劉信儀,       84.5
[230]        226,   10427118,     邱妤靜,         79
[231] 
[232] 
[233]        169,   10327212,     呂若豪,         81
[234]        233,   10327239,     吳宗諺,         87
[235]        234,   10420141,       王浩,         78
[236]        236,   10227134,     何品萱,      82.67
[237]        236,   10327124,     吳柏承,      86.33
[238]        238,   10127262,       徐野,       70.5
[239]        238,   10227261,     邱冠智,      79.33
[240]        240,   10127158,     李汶錡,         59
[241] 
[242] 
[243]        243,   10327155,       連慶,         85
[244] 
[245]        245,   10227225,     陳昱文,       76.5
[246] 
[247]        211,   10327172,     吳夏志,      54.17
[248]        247,   10427108,     何瑞祥,         70
[249]        249,   10427129,     黃柏維,      74.33
[250]        169,   10327221,     陳迪翰,      70.17
